kinematics:
  shoulder:
    x: 0
    y: 0
    z: 0.162582845434824
    roll: -0
    pitch: 0
    yaw: -6.189515636134679e-10
  upper_arm:
    x: 0.0002419257061515945
    y: 0
    z: 0
    roll: 1.570956991547952
    pitch: 0
    yaw: -3.037363958260204e-06
  forearm:
    x: -0.4252130824040906
    y: 0
    z: 0
    roll: 3.141003188944554
    pitch: -3.141075072642991
    yaw: 3.141590226356899
  wrist_1:
    x: -0.3922708625630227
    y: -0.0008780560805381578
    z: 0.1337647214455052
    roll: 0.006564088498102768
    pitch: 0.0008236933285138368
    yaw: -4.293797591472453e-06
  wrist_2:
    x: 1.981569014043481e-05
    y: -0.09968939535175211
    z: 0.0001027576163855622
    roll: 1.569765549352325
    pitch: 0
    yaw: 5.941570895354187e-07
  wrist_3:
    x: 5.275892695171816e-06
    y: 0.09958657625683509
    z: 7.333638817605856e-05
    roll: 1.571532735030583
    pitch: 3.141592653589793
    yaw: -3.141592627485203
  hash: calib_15480883052669276121